Delivery Status,prediction,proba_Advance shipping,proba_Late delivery,proba_Shipping canceled,proba_Shipping on time
Late delivery,Advance shipping,0.4840805148974184,0.3107700617317827,5.669694008847283e-05,0.2050927264307105
Shipping canceled,Shipping canceled,0.2484005515698176,0.19087167186193868,0.40957771237796803,0.15115006419027574
Advance shipping,Advance shipping,0.46680321676186437,0.27168191670594133,6.811053011195116e-05,0.2614467560020824
Advance shipping,Advance shipping,0.47130532498288163,0.28363090123263185,6.959704755344574e-05,0.24499417673693324
Advance shipping,Advance shipping,0.46905879996524974,0.2795360688547104,6.891826442441862e-05,0.2513362129156153
Advance shipping,Advance shipping,0.46725146273976526,0.27255589134549285,6.7448376499081e-05,0.2601251975382429
Shipping on time,Advance shipping,0.46690098498275956,0.2864632761961198,5.1346682438669044e-05,0.246584392138682
Shipping on time,Advance shipping,0.4670609988246944,0.28848132724610276,5.258260589199409e-05,0.2444050913233109
Shipping on time,Advance shipping,0.46690052536103555,0.28082908957472275,5.051553727835375e-05,0.2522198695269634
Late delivery,Late delivery,0.000960378791083408,0.7817886934902021,5.497564095973789e-05,0.2171959520777547
Advance shipping,Advance shipping,0.47893354175138114,0.27297167737430333,4.558371164270329e-05,0.24804919716267282
Advance shipping,Advance shipping,0.4818267801132533,0.2730433347012604,4.617958915416464e-05,0.24508370559633214
Advance shipping,Advance shipping,0.3891953640744746,0.31726337418294104,6.34775296470717e-05,0.2934777842129374
Shipping on time,Advance shipping,0.37736369945663883,0.2972270884401416,5.837111519305218e-05,0.3253508409880265
Shipping on time,Advance shipping,0.37855272831895004,0.2987381756326486,5.861420718001287e-05,0.3226504818412213
Shipping on time,Advance shipping,0.37804673520697946,0.2978906786566687,5.880760410352837e-05,0.32400377853224843
Shipping on time,Advance shipping,0.35966868546272657,0.3231113055962922,6.34722656229599e-05,0.31715653667535826
Shipping on time,Advance shipping,0.3785500114184603,0.29823645977409535,5.849709289862315e-05,0.3231550317145457
Late delivery,Advance shipping,0.46101822708994167,0.2963005622021765,4.654123265484223e-05,0.24263466947522708
Late delivery,Advance shipping,0.46586833244805714,0.28829560634720514,4.5026783226773564e-05,0.24579103442151093
Late delivery,Advance shipping,0.5450627046761498,0.27468662988892517,6.889427581585267e-05,0.18018177115910922
Late delivery,Advance shipping,0.5396586206823502,0.27209344558169335,6.982553698282572e-05,0.18817810819897368
Late delivery,Advance shipping,0.5397671816498717,0.2742714277058501,6.704136023991347e-05,0.18589434928403814
Late delivery,Advance shipping,0.544509720526075,0.2732365967491087,6.907318864037161e-05,0.18218460953617574
Late delivery,Advance shipping,0.5377001343887614,0.2746033307759955,7.048118415043904e-05,0.18762605365109264
Advance shipping,Advance shipping,0.425191499952647,0.30409067319272554,0.1205892824206139,0.15012854443401352
Advance shipping,Advance shipping,0.4163004373810456,0.30806923365869326,0.12829852318898075,0.14733180577128036
Advance shipping,Advance shipping,0.4169854243484828,0.3057240639341807,0.12791426389768537,0.14937624781965106
Advance shipping,Advance shipping,0.4152612708569431,0.30613308065125594,0.12878634322340105,0.14981930526840007
Advance shipping,Advance shipping,0.45970136140482926,0.30330496559651815,6.830279825027992e-05,0.23692537020040233
Advance shipping,Advance shipping,0.46093431172143773,0.29891744116576696,6.96737358620434e-05,0.24007857337693328
Shipping on time,Advance shipping,0.49807011057250317,0.3193011422807974,5.961504411738792e-05,0.18256913210258216
Late delivery,Advance shipping,0.49013026330587506,0.2641534277048013,7.011235839329403e-05,0.24564619663093032
Late delivery,Advance shipping,0.4872103394103627,0.2667856672748464,7.038961013144625e-05,0.2459336037046593
Late delivery,Advance shipping,0.47796495863470473,0.27139637091336966,7.243557301964037e-05,0.2505662348789061
Late delivery,Advance shipping,0.4723966555913744,0.30717099464411723,7.258263923196439e-05,0.22035976712527655
Advance shipping,Advance shipping,0.4170553258604069,0.2817981977347867,0.16085863666142633,0.14028783974338002
Advance shipping,Advance shipping,0.41737646920841714,0.28124001750326866,0.15890490872298785,0.14247860456532632
Advance shipping,Advance shipping,0.4212003711398347,0.2782586829679346,0.15903009079337024,0.14151085509886027
Advance shipping,Advance shipping,0.4218798801462986,0.3295996195167213,0.1163470383463911,0.13217346199058913
Advance shipping,Advance shipping,0.4371124349806276,0.30558486331107226,0.127136179048662,0.13016652265963827
Advance shipping,Advance shipping,0.4277075176554453,0.29531359992771833,7.546560993138422e-05,0.27690341680690506
Advance shipping,Advance shipping,0.44683945101674566,0.27238227771095935,7.050754242180884e-05,0.28070776372987316
Advance shipping,Advance shipping,0.45480846960034743,0.2711908048903193,7.352919214526729e-05,0.2739271963171881
Advance shipping,Advance shipping,0.4493907800029218,0.27074112963860003,7.243854286808328e-05,0.27979565181561
Advance shipping,Advance shipping,0.4487124441748546,0.27049648395013215,7.131748624463663e-05,0.2807197543887688
Late delivery,Late delivery,0.00048154288364483423,0.6454063166653337,0.3289958221449217,0.02511631830609969
Late delivery,Late delivery,0.0004882755869661507,0.6068860234401808,0.36777956829847963,0.024846132674373377
Late delivery,Late delivery,0.0004814588588578084,0.6080484858511574,0.3666113152236062,0.02485874006637861
Late delivery,Late delivery,0.0008391995774633375,0.7556265827600244,5.390894615436574e-05,0.243480308716358
Late delivery,Late delivery,0.0008359643643333055,0.7543886775801824,5.443826660088621e-05,0.24472091978888352
Late delivery,Late delivery,0.0008406276665881071,0.7598174570150513,5.421204840300307e-05,0.23928770326995752
Late delivery,Late delivery,0.000830334217159501,0.7629648486578882,4.879763393004956e-05,0.2361560194910223
Late delivery,Late delivery,0.0008374353193023381,0.755319692651772,5.4153330919857226e-05,0.24378871869800567
Late delivery,Late delivery,0.0008619232968685456,0.8425622528456188,6.797818198498712e-05,0.15650784567552756
Late delivery,Late delivery,0.0008714548866432033,0.8420654487906104,6.573311558777328e-05,0.15699736320715874
Late delivery,Late delivery,0.0008834686497047231,0.8431589058997515,6.782274698335165e-05,0.15588980270356045
Shipping on time,Late delivery,0.0008707399024900806,0.852255366985815,4.872954411546256e-05,0.1468251635675794
Shipping on time,Late delivery,0.0008661939149997105,0.8541052778271682,4.859055385126224e-05,0.14497993770398113
Shipping on time,Late delivery,0.000870177637337281,0.8526584855301284,4.9510184130632384e-05,0.1464218266484037
Shipping on time,Late delivery,0.0008801680639976628,0.8559018566153217,5.189078428168915e-05,0.14316608453639884
Shipping on time,Late delivery,0.0008236067431206033,0.8714375752358933,5.6371220044237286e-05,0.1276824468009419
Late delivery,Late delivery,0.0008141303427226835,0.7357065966713585,8.250140427439556e-05,0.26339677158164443
Late delivery,Late delivery,0.00042419052011553063,0.9667214994059241,7.518164315365553e-05,0.03277912843080689
Late delivery,Late delivery,0.0004480440817458853,0.970061990478805,4.237186079220549e-05,0.029447593578656946
Late delivery,Late delivery,0.0009773611746625745,0.4746004022697798,0.36887950299474465,0.155542733560813
Late delivery,Late delivery,0.0010018509092542623,0.5014174381509644,0.3446026354330269,0.15297807550675435
Late delivery,Late delivery,0.0009711905477915802,0.4657465405497917,0.37855681000684566,0.1547254588955712
Late delivery,Late delivery,0.0009944292633848719,0.4923036483528453,0.35282415123618677,0.15387777114758308
Late delivery,Late delivery,0.00101159828416193,0.5415067081175166,0.3007944049151248,0.1566872886831967
Shipping on time,Late delivery,0.0008987478202581586,0.7434443581596092,5.414823632873602e-05,0.255602745783804
Shipping on time,Late delivery,0.0008751043643199847,0.7449204651624705,5.202354491246693e-05,0.2541524069282971
Shipping on time,Late delivery,0.0008481191364327829,0.761103713876084,5.331276205715888e-05,0.23799485422542604
Shipping on time,Late delivery,0.0009239741467146666,0.7525325494308266,5.6326286542938976e-05,0.24648715013591588
Shipping on time,Late delivery,0.0008595560021664543,0.7623406320022346,5.411295179879356e-05,0.23674569904380005
Late delivery,Late delivery,0.00095829933199252,0.772315442405562,5.2759301837303165e-05,0.2266734989606082
Late delivery,Late delivery,0.0009683956037910004,0.7978949586283846,6.255039692761015e-05,0.20107409537089685
Late delivery,Late delivery,0.000955228641198522,0.7721019614934834,5.214497371150651e-05,0.22689066489160667
Late delivery,Late delivery,0.0009499269304578177,0.788426422829177,6.491929977031196e-05,0.21055873094059488
Late delivery,Late delivery,0.0009484595189159093,0.7572519898862851,5.839465187650892e-05,0.2417411559429225
Late delivery,Late delivery,0.0009137265189120434,0.7645779866144958,5.643117436088446e-05,0.23445185569223134
Shipping on time,Late delivery,0.0009125115471280476,0.7349820046087857,8.141793548364954e-05,0.2640240659086026
Shipping on time,Late delivery,0.0009127578994915717,0.7679828549243105,8.336437134356139e-05,0.23102102280485426
Shipping on time,Late delivery,0.0009129242456303856,0.7328297165337924,8.23982749211247e-05,0.26617496094565607
Late delivery,Late delivery,0.0009975456559361457,0.7889768137999996,7.430188147856121e-05,0.20995133866258578
Late delivery,Late delivery,0.0009962133305784578,0.7882729236813127,7.635971247415666e-05,0.21065450327563454
Late delivery,Late delivery,0.001030210383866106,0.7946987130177314,7.517880189227826e-05,0.20419589779650996
Late delivery,Late delivery,0.0010142667010101453,0.7922343664534868,7.748945189261471e-05,0.20667387739361043
Late delivery,Late delivery,0.001005763481501201,0.7903034245306455,7.653494634411331e-05,0.2086142770415092
Shipping on time,Advance shipping,0.47290872960829783,0.299108922000995,6.580113504834976e-05,0.2279165472556589
Shipping on time,Advance shipping,0.468346277143195,0.2991260838278513,6.438971154652264e-05,0.2324632493174071
Late delivery,Late delivery,0.0009636722465222802,0.7988955684810078,7.512074216192733e-05,0.20006563853030787
Late delivery,Late delivery,0.0009661434920476691,0.7961410461921735,7.530209263388406e-05,0.20281750822314498
Late delivery,Late delivery,0.0009631469442117645,0.7984299386443912,7.528610636656062e-05,0.20053162830503052
Late delivery,Late delivery,0.0009735351465118067,0.8019268176802339,7.632521670476944e-05,0.19702332195654954
Late delivery,Late delivery,0.0009745767431762861,0.8023451827891075,7.490174582634275e-05,0.19660533872189004
Late delivery,Advance shipping,0.3864512837380662,0.3382621049969247,7.224847039075527e-05,0.2752143627946183
Late delivery,Advance shipping,0.40449626614742634,0.327124361665923,5.831538493787798e-05,0.26832105680171275
Late delivery,Advance shipping,0.4003731823461717,0.32490522476524425,5.961580263548068e-05,0.2746619770859487
Advance shipping,Advance shipping,0.41351972210174387,0.3381768308037183,7.586555933186398e-05,0.24822758153520583
Advance shipping,Advance shipping,0.40834572100258826,0.32571169691672475,7.357704500423988e-05,0.2658690050356828
Advance shipping,Advance shipping,0.4070950024466635,0.32549259417262894,7.43237143378433e-05,0.26733807966636974
Advance shipping,Advance shipping,0.3882924267700976,0.3576306133586144,8.767400201985831e-05,0.2539892858692681
Advance shipping,Advance shipping,0.4093262367522653,0.32666075764200064,7.34140849896541e-05,0.2639395915207444
Shipping on time,Advance shipping,0.4223921669158921,0.3148753495050703,5.953617378305517e-05,0.2626729474052547
Shipping on time,Advance shipping,0.4187874976529596,0.3174311392248129,6.198884514115329e-05,0.26371937427708636
Shipping on time,Advance shipping,0.4246176538183414,0.3097592362349456,5.9126607309617684e-05,0.26556398333940356
Shipping on time,Advance shipping,0.42043477826411946,0.30590474055656036,5.924632071871922e-05,0.2736012348586014
Late delivery,Advance shipping,0.42268342387857544,0.31490305360633875,7.49606668437545e-05,0.2623385618482421
Late delivery,Advance shipping,0.42072082422754986,0.3193533781206301,7.787308888495063e-05,0.25984792456293515
Late delivery,Advance shipping,0.4192156943790169,0.31120304230855517,7.540902277237818e-05,0.2695058542896554
Late delivery,Advance shipping,0.4125522561928087,0.3184287748296483,7.095741074681997e-05,0.26894801156679604
Late delivery,Advance shipping,0.3199359158671943,0.27014690318578427,0.23500704531294137,0.17491013563407995
Late delivery,Advance shipping,0.3068263426181104,0.2582392440471446,0.2614065397964887,0.17352787353825627
Late delivery,Advance shipping,0.30620539157443394,0.2527897363274414,0.271289795501818,0.1697150765963067
Late delivery,Advance shipping,0.3023462747132575,0.25276099515819755,0.2730291529804741,0.1718635771480709
Late delivery,Advance shipping,0.3066271789489258,0.24880009601312583,0.2763222727441801,0.16825045229376825
Shipping on time,Advance shipping,0.48114467397134497,0.28698647918379727,7.381933827382856e-05,0.23179502750658393
Shipping on time,Advance shipping,0.4691559147861024,0.30038631590433046,7.023196049222587e-05,0.2303875373490749
Shipping on time,Advance shipping,0.4696103856079868,0.2855591892608119,6.996501929022851e-05,0.24476046011191116
Late delivery,Advance shipping,0.4215916440245764,0.29649957646830294,6.939075622898271e-05,0.2818393887508917
Late delivery,Advance shipping,0.4283768518542065,0.29075375060778064,7.206435097685335e-05,0.2807973331870359
Shipping canceled,Advance shipping,0.40466297091361625,0.31398020578305064,0.10921501650691572,0.17214180679641747
Shipping canceled,Advance shipping,0.40390973973963507,0.3183509971494905,0.10491355740695925,0.1728257057039153
Advance shipping,Shipping on time,0.32853632247298487,0.3320958146619608,6.532754707037155e-05,0.33930253531798393
Shipping on time,Advance shipping,0.4579784375067859,0.2883474641870395,7.316379499963851e-05,0.25360093451117494
Late delivery,Advance shipping,0.4554720076114312,0.3358075017056987,4.935072387041518e-05,0.20867113995899972
Late delivery,Advance shipping,0.45024941163949933,0.33105882934661374,4.935767874176212e-05,0.21864240133514506
Shipping on time,Shipping on time,0.0004240171673858297,0.4618719081400445,0.00010220280609530594,0.5376018718864743
Shipping on time,Shipping on time,0.0003678863683920389,0.4270594286853093,8.600341710169404e-05,0.572486681529197
Shipping on time,Shipping on time,0.00036654403599258213,0.42595661986716027,8.607360679228798e-05,0.5735907624900548
Shipping on time,Shipping on time,0.0003708821147312685,0.43100656948925126,8.732864098477593e-05,0.5685352197550327
Shipping on time,Shipping on time,0.0003704649254941781,0.4305574795939748,8.571571412903568e-05,0.568986339766402
Shipping on time,Shipping on time,0.00042885760394006884,0.42052585110759394,0.00010381617450144558,0.5789414751139644
Shipping on time,Shipping on time,0.00043522339181738896,0.3155536997577769,0.223154449065246,0.4608566277851596
Shipping on time,Shipping on time,0.00043800270974304976,0.31939734048547175,0.2128214714276682,0.46734318537711705
Shipping on time,Shipping on time,0.00044475108968018034,0.31937687644470747,0.22078145218620213,0.45939692027941026
Shipping on time,Shipping on time,0.00043812043870169185,0.3172514449157039,0.22001686140386184,0.4622935732417326
Late delivery,Late delivery,0.00046903101021589157,0.9688391157021855,7.448097264676874e-05,0.030617372314951895
Late delivery,Late delivery,0.0004574918534811909,0.9680507913800639,7.543234780859594e-05,0.031416284418646176
Late delivery,Late delivery,0.00047286213978530974,0.9689696561086735,7.541817328464483e-05,0.030482063578256578
Late delivery,Late delivery,0.00045537185059123654,0.9696814873105629,7.326702795624743e-05,0.029789873810889343
Late delivery,Late delivery,0.00045790842162965836,0.967945415463673,7.594596694611327e-05,0.0315207301477511
Late delivery,Late delivery,0.0004303793371371901,0.9700366243247528,5.736240255228855e-05,0.0294756339355578
Late delivery,Late delivery,0.0004278705640606071,0.9695621175449348,5.617572404245459e-05,0.029953836166962157
Late delivery,Late delivery,0.0004306417039245643,0.969213581041822,5.695378999161842e-05,0.030298823464261698
Late delivery,Late delivery,0.00045424597584155474,0.9721073982973829,6.299875781818628e-05,0.02737535696895735
Late delivery,Late delivery,0.00043829900576871164,0.974536281146286,6.16636230557315e-05,0.024963756224889472
Late delivery,Late delivery,0.00041582680365987714,0.974340300023949,4.42413464045621e-05,0.025199631825986484
Late delivery,Late delivery,0.00041674968500073057,0.9747151993829508,4.513055053414311e-05,0.02482292038151415
Late delivery,Late delivery,0.0008936863042434762,0.7870504889872783,5.0126465151951584e-05,0.21200569824332643
Late delivery,Late delivery,0.0009063417573407966,0.7998900528786526,4.9340597972845195e-05,0.19915426476603382
Late delivery,Late delivery,0.0009043293819604354,0.7885912963255552,5.009629905026244e-05,0.21045427799343414
Late delivery,Late delivery,0.00090357991072568,0.7904976237984834,4.831073437970519e-05,0.20855048555641115
Late delivery,Late delivery,0.0009212278154320288,0.6103160187060077,0.18845959088952832,0.20030316258903197
Late delivery,Late delivery,0.0008462158896572926,0.783474133007289,7.043847554045492e-05,0.2156092126275133
Late delivery,Late delivery,0.0009246091806799602,0.5240514370642768,0.29297376764005784,0.18205018611498533
Late delivery,Late delivery,0.0010307626179682792,0.6003640710147994,0.22590738880129277,0.1726977775659397
Late delivery,Late delivery,0.0009060838780118432,0.5240713018346295,0.29313554104227746,0.18188707324508133
Late delivery,Late delivery,0.0009214264629046433,0.5339029980976349,0.28502297132226256,0.18015260411719783
Late delivery,Late delivery,0.0010425910577725784,0.5852311575258513,0.2361912514086927,0.17753500000768335
Shipping on time,Late delivery,0.0009424990791121165,0.7945489140731656,7.674861412477322e-05,0.20443183823359756
Late delivery,Late delivery,0.00038950021296683957,0.988428015084158,4.167798160227398e-05,0.011140806721272836
Late delivery,Late delivery,0.0003854363158416128,0.9854735864855567,7.337001822832535e-05,0.01406760718037358
Late delivery,Late delivery,0.0003848981365278993,0.9847336335105746,6.827081938104265e-05,0.014813197533516273
Late delivery,Late delivery,0.0003866569109875688,0.9847264713754388,6.994606906858162e-05,0.014816925644504963
Late delivery,Late delivery,0.00038782043208343753,0.9843185967249267,7.206570786517352e-05,0.015221517135124485
Late delivery,Late delivery,0.0003806863080124194,0.9851700806593096,6.971916222106936e-05,0.014379513870456911
Late delivery,Late delivery,0.0008455931606652434,0.9051448407313941,7.275015384191282e-05,0.09393681595409872
Late delivery,Late delivery,0.0008509397904608723,0.9054574790270625,7.535774485145821e-05,0.09361622343762523
Late delivery,Advance shipping,0.5369721977940711,0.27244773765115476,7.368746593631568e-05,0.19050637708883764
Late delivery,Advance shipping,0.5330374515627581,0.2719752867303889,7.173938211065903e-05,0.1949155223247424
Late delivery,Advance shipping,0.5323815097349139,0.275961494243788,7.09510521149333e-05,0.19158604496918302
Late delivery,Advance shipping,0.5345045263852195,0.2712526499355417,7.265345036676935e-05,0.19417017022887215
Late delivery,Advance shipping,0.5341753417937958,0.271224636185734,7.295735228837893e-05,0.1945270646681818
Advance shipping,Advance shipping,0.4078684621672123,0.28210460593711845,0.14334034279192162,0.16668658910374776
Advance shipping,Advance shipping,0.4022407481555868,0.2936543231259091,0.14170681828456408,0.16239811043393992
Advance shipping,Advance shipping,0.40343017430942746,0.28641016459813295,0.14346152798480302,0.1666981331076365
Late delivery,Late delivery,0.0008683562323399915,0.7979385034119271,4.4028254261205554e-05,0.20114911210147185
Late delivery,Late delivery,0.0009233077972001013,0.7530156983943791,7.448737515947336e-05,0.24598650643326125
Late delivery,Late delivery,0.0009068782177646976,0.7606631011033134,7.249210809921614e-05,0.2383575285708226
Late delivery,Late delivery,0.0009054948883843948,0.7601064466041065,7.599567091794865e-05,0.23891206283659128
Late delivery,Late delivery,0.0009191138348591751,0.7556410552706769,7.407550183926861e-05,0.24336575539262462
Late delivery,Late delivery,0.0009166362237350721,0.7842254934144446,8.40849942941724e-05,0.21477378536752623
Late delivery,Advance shipping,0.44357543184934917,0.3275493400106048,6.798757157423591e-05,0.22880724056847188
Late delivery,Advance shipping,0.4404019699880934,0.32839418877663923,6.630951142038161e-05,0.23113753172384702
Late delivery,Advance shipping,0.44501264672778124,0.3275528339803488,6.737254909554158e-05,0.22736714674277442
Late delivery,Advance shipping,0.4414946547653027,0.3240896990952403,6.906117020657133e-05,0.23434658496925043
Late delivery,Advance shipping,0.4450095855521263,0.3230663484722025,6.507792393068115e-05,0.23185898805174043
Advance shipping,Advance shipping,0.41776957058945335,0.3162794016157949,9.011921420406541e-05,0.26586090858054773
Advance shipping,Advance shipping,0.4290759977395978,0.28819248574616724,7.552189872456715e-05,0.2826559946155104
Advance shipping,Advance shipping,0.42663282706975303,0.28693582647009824,7.945836416439101e-05,0.2863518880959843
Late delivery,Late delivery,0.000503150136991774,0.5298659723729218,7.998860775485234e-05,0.46955088888233154
Late delivery,Shipping on time,0.0003935121214326063,0.46042934531102736,6.346375130322441e-05,0.5391136788162367
Late delivery,Shipping on time,0.00038060106977029116,0.44801637793610705,6.191228694649559e-05,0.5515411087071762
Shipping canceled,Shipping on time,0.0004994062671507706,0.35936278375729563,0.2149213747197127,0.42521643525584096
Shipping canceled,Shipping on time,0.0005297992183800037,0.3912116009425641,0.1744270337770408,0.4338315660620153
Shipping canceled,Shipping on time,0.00048513801374702986,0.350084032911217,0.21580353490840934,0.4336272941666266
Late delivery,Late delivery,0.00044734795927332,0.9713311228968576,6.488833709362583e-05,0.028156640806775417
Late delivery,Late delivery,0.0004507054763296248,0.9712643681278745,6.722918862632485e-05,0.02821769720716938
Late delivery,Late delivery,0.0004494118038503656,0.9709401318227014,6.751250780072794e-05,0.02854294386564735
Late delivery,Late delivery,0.00044254642386891765,0.9726463185803301,6.55812872274142e-05,0.026845553708573652
Shipping canceled,Late delivery,0.0005174049523431047,0.6919330219794221,0.2807428681012535,0.02680670496698127
Late delivery,Late delivery,0.0005286110975763946,0.7593487590309095,0.2139693003139321,0.02615332955758202
Late delivery,Late delivery,0.0005324060911450228,0.7379021990314434,0.23515688045971161,0.02640851441769988
Late delivery,Late delivery,0.0005287203696056174,0.7455462382936792,0.2277748904325874,0.02615015090412777
Late delivery,Late delivery,0.0009101850946036422,0.7564987950595943,7.515553885196428e-05,0.24251586430695016
Late delivery,Late delivery,0.0008879692903927573,0.7595649517712544,7.31035944675166e-05,0.2394739753438853
Late delivery,Late delivery,0.0009127132874336938,0.7597488547817436,7.367597299032769e-05,0.23926475595783223
Late delivery,Late delivery,0.0009203163118342115,0.781644514578328,8.294038555342513e-05,0.2173522287242843
Late delivery,Late delivery,0.0009206395506184814,0.7598145133575294,7.553148103869537e-05,0.23918931561081339
Late delivery,Late delivery,0.0008900519537266114,0.7457469049813761,7.315102462434567e-05,0.25328989204027313
Late delivery,Late delivery,0.0008358455925671628,0.7618301319548328,6.969987142327978e-05,0.23726432258117663
Late delivery,Advance shipping,0.36344197927050353,0.32083114757153997,0.15738415325331362,0.158342719904643
Late delivery,Advance shipping,0.35389294872999855,0.2824070798893145,0.21034510985204394,0.153354861528643
Late delivery,Advance shipping,0.35770922483114626,0.28261611487000654,0.2018168698202856,0.15785779047856166
Late delivery,Advance shipping,0.35401453990181425,0.27621012475409296,0.21507030382060663,0.15470503152348605
Advance shipping,Advance shipping,0.43994839471198416,0.29595169580721536,7.433569869825233e-05,0.26402557378210223
Advance shipping,Advance shipping,0.4249709795979287,0.31934359762268344,8.499288688341983e-05,0.2556004298925045
Advance shipping,Advance shipping,0.44176304680086825,0.2955020397278847,7.507662456546003e-05,0.26265983684668165
Advance shipping,Advance shipping,0.4396432601480003,0.3014251294001376,7.438151308890762e-05,0.2588572289387733
Advance shipping,Advance shipping,0.44071221781946046,0.2966234014237572,7.299393204803643e-05,0.26259138682473426
Shipping on time,Advance shipping,0.48434549204656924,0.33629082980665476,0.05095588090412054,0.1284077972426554
Shipping on time,Advance shipping,0.48397804226160457,0.33063665067922016,0.052688942336600146,0.13269636472257518
Shipping on time,Advance shipping,0.4942840191446945,0.32650305039485616,0.0454435395381337,0.13376939092231557
Shipping on time,Advance shipping,0.4877293048186357,0.3312172988384467,0.05234738245591164,0.12870601388700612
Shipping on time,Advance shipping,0.4852817608462162,0.33326676600243643,0.051503794966890885,0.12994767818445657
Late delivery,Advance shipping,0.601105048591604,0.3064769880740034,5.397201820353187e-05,0.09236399131618908
Late delivery,Advance shipping,0.6060276593088664,0.3044684467573116,5.282153473640317e-05,0.08945107239908547
Late delivery,Advance shipping,0.5137003396863934,0.3142606213743953,0.046838202466891056,0.12520083647232025
Late delivery,Advance shipping,0.5121220211579627,0.3128684393734112,0.04713317764171275,0.12787636182691348
Late delivery,Advance shipping,0.47849216844333103,0.3559287251434965,0.03914969215631401,0.12642941425685858
Advance shipping,Shipping canceled,0.06183697877730625,0.10789324091907564,0.7228061153800548,0.1074636649235634
Advance shipping,Shipping canceled,0.061806986575224765,0.10822654549279134,0.7221094975366896,0.10785697039529436
Advance shipping,Shipping on time,0.27004928309571485,0.336588346618845,8.45742764439465e-05,0.3932777960089961
Advance shipping,Shipping on time,0.2682030164920962,0.3354682928510311,8.508246532352094e-05,0.3962436081915493
Advance shipping,Shipping on time,0.26460372795432785,0.3440100187544633,8.693340751241944e-05,0.39129931988369654
Advance shipping,Shipping on time,0.2642865067997513,0.3510558378836712,8.803102564160344e-05,0.38456962429093594
Advance shipping,Late delivery,0.266046623633915,0.3718291585544518,9.943484048984674e-05,0.3620247829711434
Shipping on time,Advance shipping,0.43628083856196215,0.3435538962468767,4.5024585915705115e-05,0.22012024060524546
Shipping on time,Advance shipping,0.4341348665328836,0.34588871870316357,4.625094326322004e-05,0.21993016382068958
Shipping on time,Advance shipping,0.43431966263842775,0.34449964772273384,4.6579734761129614e-05,0.22113410990407723
Shipping on time,Advance shipping,0.43460629466179374,0.34492504938741875,4.663061804259762e-05,0.22042202533274494
Late delivery,Advance shipping,0.4633081087982064,0.3149539631749057,7.614956301789266e-05,0.22166177846387008
Late delivery,Advance shipping,0.4424571515313122,0.3371890303509439,4.793842979403796e-05,0.2203058796879499
Advance shipping,Advance shipping,0.4945240475860406,0.30829746191611085,4.729217255623434e-05,0.1971311983252924
Shipping on time,Advance shipping,0.5235267070394141,0.3316740363593224,4.762676711708086e-05,0.14475162983414636
Shipping on time,Advance shipping,0.5093898404949939,0.33894527482806247,4.776320196870161e-05,0.15161712147497486
Shipping on time,Advance shipping,0.508572352443807,0.34242810228158793,4.623843322956788e-05,0.14895330684137534
Shipping on time,Shipping on time,0.00038226655474183556,0.41204708361793924,8.97161297474065e-05,0.5874809336975714
Shipping on time,Shipping on time,0.00038205387546649073,0.4122360650064056,9.164768051461388e-05,0.5872902334376133
Shipping on time,Shipping on time,0.0003852915174240306,0.40617808300013863,9.460942681885424e-05,0.5933420160556184
Late delivery,Advance shipping,0.38336864042235724,0.31292703401572736,0.13557420085256155,0.16813012470935382
Late delivery,Advance shipping,0.38224248310872966,0.27575977584276096,0.17234924723056072,0.1696484938179486
Advance shipping,Advance shipping,0.5038908102153365,0.30076198410024596,6.749384938149962e-05,0.19527971183503598
Advance shipping,Advance shipping,0.4997225181590702,0.30320663883025833,6.47143377172554e-05,0.19700612867295422
Advance shipping,Advance shipping,0.5055913855173135,0.29880380589196265,6.458110284545466e-05,0.19554022748787842
Advance shipping,Advance shipping,0.5026464385508453,0.3009022606920968,6.564691369840313e-05,0.19638565384335935
Advance shipping,Advance shipping,0.49771304362561125,0.30265740086700216,6.623298338976903e-05,0.19956332252399672
Advance shipping,Advance shipping,0.4878694627281787,0.3122271903962199,6.60020719903766e-05,0.199837344803611
Advance shipping,Advance shipping,0.4917116753746369,0.3114491071076803,6.454406977265769e-05,0.19677467344790994
Advance shipping,Advance shipping,0.4897567501788825,0.3123857616646133,6.63458925004761e-05,0.19779114226400385
Shipping on time,Advance shipping,0.45896913808245166,0.3251634892915498,4.9026453293284216e-05,0.2158183461727053
Shipping on time,Advance shipping,0.4600456379131749,0.32086387064702193,4.889497923582303e-05,0.21904159646056748
Shipping on time,Advance shipping,0.460068499729511,0.3228009808751173,4.8630228893738206e-05,0.21708188916647797
Shipping on time,Advance shipping,0.4587809436688996,0.32253348567565804,4.785553599731004e-05,0.218637715119445
Late delivery,Advance shipping,0.4522654401252169,0.32741220944654686,4.845632456317914e-05,0.2202738941036731
Late delivery,Advance shipping,0.4621089974523846,0.322085700861069,4.8572629856980464e-05,0.21575672905668938
Late delivery,Advance shipping,0.46045154572120933,0.32109702081652586,4.9257460673030504e-05,0.21840217600159173
Shipping on time,Late delivery,0.00042861765519432155,0.6210580522665862,6.630516061061088e-05,0.37844702491760884
Shipping on time,Late delivery,0.0004069348073241305,0.5560363367132259,0.027522695401142803,0.4160340330783071
Shipping on time,Late delivery,0.00041731441895933,0.558112351488254,0.028566373711389568,0.41290396038139715
Shipping on time,Late delivery,0.00040581062963652287,0.5622801831908214,0.02810151998358038,0.40921248619596173
Shipping on time,Late delivery,0.00040338394543127683,0.5714314307188239,0.026813044371902257,0.40135214096384275
Shipping on time,Late delivery,0.00041210029197423135,0.5854783912677592,0.022098184701175628,0.3920113237390908
Shipping on time,Late delivery,0.00040321328308570237,0.5929276417775072,0.022377984482816773,0.38429116045659034
Shipping on time,Late delivery,0.00039043858852600257,0.5733406809547412,0.023440111387574847,0.40282876906915777
Shipping on time,Late delivery,0.0004034163819893145,0.5771834606517157,0.023606399026834337,0.39880672393946065
Shipping on time,Late delivery,0.00040064441393631244,0.5902112191943389,0.023298957405514957,0.38608917898620976
Late delivery,Advance shipping,0.5464604763143202,0.3043988568296849,0.028037561835977304,0.12110310502001774
Late delivery,Advance shipping,0.5083739562057469,0.37542343526087096,8.677374199865087e-05,0.1161158347913835
Late delivery,Advance shipping,0.5448381328001901,0.3386611766853912,7.510446615207829e-05,0.11642558604826661
Late delivery,Advance shipping,0.5455011733451771,0.34059517306485676,8.015735889643995e-05,0.11382349623106963
Advance shipping,Advance shipping,0.4992881009608266,0.30035305991349914,6.952592298819474e-05,0.20028931320268611
Advance shipping,Advance shipping,0.49794456653692387,0.3005373392705423,6.988139683736533e-05,0.20144821279569639
Advance shipping,Advance shipping,0.49920156151497447,0.3023783693545516,7.142716612129241e-05,0.19834864196435256
Advance shipping,Advance shipping,0.490460754870208,0.31935038154198614,7.440290067112202e-05,0.1901144606871347
Advance shipping,Advance shipping,0.5016738706379126,0.3022557251948859,7.271957466767305e-05,0.1959976845925339
Advance shipping,Advance shipping,0.4338749607007542,0.28424854524176385,8.32447903306423e-05,0.2817932492671513
Late delivery,Advance shipping,0.35403226957329564,0.3016803125947113,0.16233330315906208,0.18195411467293096
Late delivery,Advance shipping,0.35494016433424586,0.29121170380191963,0.17272146491860524,0.18112666694522928
Shipping canceled,Advance shipping,0.3567007261132191,0.3258003843280173,0.1425860050580199,0.17491288450074363
Shipping canceled,Advance shipping,0.3504885956404137,0.3359896195149192,0.13888655493097576,0.1746352299136915
Shipping canceled,Advance shipping,0.35050559120781827,0.3348328856235267,0.1394203732104614,0.17524114995819368
Shipping canceled,Advance shipping,0.35652887315543974,0.32654366272861657,0.14269664752013728,0.1742308165958065
Shipping canceled,Advance shipping,0.3557065924140248,0.32975383476708353,0.13824389882098143,0.17629567399791035
Advance shipping,Advance shipping,0.5050544688719871,0.3122952490300168,4.9670654590343915e-05,0.1826006114434057
Advance shipping,Advance shipping,0.4464085899005555,0.3356023023574459,4.6026248967049345e-05,0.21794308149303157
Advance shipping,Advance shipping,0.42457903404504604,0.35978258802907775,4.855587533609793e-05,0.21558982205054011
Shipping on time,Advance shipping,0.4366364785252979,0.3593097240018646,5.616854177285338e-05,0.2039976289310647
Shipping on time,Advance shipping,0.438699837796794,0.35951370578898617,5.6226543532661025e-05,0.20173022987068728
Shipping on time,Advance shipping,0.43720108428617205,0.359637615093674,5.61809476676929e-05,0.20310511967248615
Shipping on time,Advance shipping,0.43961334570922506,0.36006253502586966,5.683668954625682e-05,0.20026728257535892
Late delivery,Advance shipping,0.4657104220070796,0.3284908968126724,9.186086307756564e-05,0.20570682031717044
Late delivery,Advance shipping,0.482183953664021,0.3079299446942394,7.786225154504515e-05,0.20980823939019463
Late delivery,Advance shipping,0.4789972108428624,0.3058391414430059,7.899665448571592e-05,0.21508465105964591
Late delivery,Shipping on time,0.1368902561517903,0.22165266426115657,0.0001404179696266131,0.6413166616174265
Late delivery,Shipping on time,0.1325366944478653,0.2231102673552435,0.00014048315497044135,0.6442125550419208
Late delivery,Shipping on time,0.13507703002828758,0.21984433463232453,0.00013885061951385,0.6449397847198739
Late delivery,Shipping on time,0.13617806794158255,0.21977139016833386,0.00013578529340672465,0.6439147565966767
Advance shipping,Advance shipping,0.49860680478805114,0.2974540682307213,7.825767872383085e-05,0.20386086930250377
Advance shipping,Advance shipping,0.49678772906688545,0.2991449353515232,7.769731152424298e-05,0.20398963827006714
Advance shipping,Advance shipping,0.4986204644515283,0.2999362364158281,7.693537947334598e-05,0.2013663637531703
Advance shipping,Advance shipping,0.4997598309179492,0.2965340702707693,7.84514726088595e-05,0.2036276473386728
Advance shipping,Advance shipping,0.4903173194782464,0.30976304461224624,6.87720949404539e-05,0.19985086381456674
Advance shipping,Advance shipping,0.4894941257099693,0.31195562569623975,6.745156017399385e-05,0.19848279703361696
Advance shipping,Advance shipping,0.48975706881902487,0.31397738086891297,6.949281384582876e-05,0.19619605749821614
Advance shipping,Advance shipping,0.4890772238577059,0.30991372109947596,6.911420467389963e-05,0.2009399408381442
Shipping on time,Advance shipping,0.4968500330315869,0.3022677961259133,6.898942269351014e-05,0.2008131814198062
Shipping on time,Advance shipping,0.49690168261900286,0.3010424291618768,6.897907404294185e-05,0.20198690914507744
Late delivery,Advance shipping,0.41036279374522594,0.2783632255039813,0.10796322916565522,0.20331075158513748
Late delivery,Advance shipping,0.4104101104209973,0.27538160408723805,0.10940843819188793,0.20479984729987663
Advance shipping,Advance shipping,0.4270310962587785,0.3593095723574574,9.347516714421472e-05,0.2135658562166199
Shipping on time,Advance shipping,0.4971676948189803,0.2981616917493811,5.2908923391596024e-05,0.20461770450824704
Shipping on time,Advance shipping,0.4991497597862621,0.3076853884691333,5.495159753501419e-05,0.1931099001470696
Late delivery,Late delivery,0.0008173467548063743,0.7650093093488368,5.1222965715270005e-05,0.23412212093064158
Late delivery,Late delivery,0.0008550968319795164,0.7972584661061078,6.151284217743523e-05,0.2018249242197351
Late delivery,Late delivery,0.0008659039296989464,0.7757917848347204,5.910741624674602e-05,0.2232832038193337
Late delivery,Late delivery,0.0008635306393619765,0.7774247978002555,5.964605551379598e-05,0.2216520255048688
Late delivery,Late delivery,0.0008603408006066217,0.7745205421552613,5.843995313162363e-05,0.2245606770910004
Late delivery,Late delivery,0.0008825284202439409,0.7937862857107014,6.604946052040388e-05,0.20526513640853442
Shipping on time,Late delivery,0.0008338788592412766,0.7935394929768067,5.240968462034537e-05,0.20557421847933158
Shipping on time,Late delivery,0.000835341818102541,0.7940907588223104,5.34306818128146e-05,0.20502046867777435
Late delivery,Late delivery,0.0009754962879008204,0.8140825948679922,8.187948296843205e-05,0.18486002936113852
Late delivery,Late delivery,0.0009728524916596494,0.8075096646711524,8.083708544515585e-05,0.19143664575174268
Late delivery,Late delivery,0.0009559423644419626,0.6558846994725902,0.18232168021369263,0.16083767794927525
Late delivery,Late delivery,0.0009717252555081246,0.6469538337876377,0.18803811960973604,0.16403632134711807
Late delivery,Late delivery,0.0009567073816574302,0.6627203688199886,0.17365593849853453,0.16266698529981935
Late delivery,Late delivery,0.0009459957184239925,0.6632726022637861,0.17312532582381168,0.16265607619397807
Late delivery,Late delivery,0.000915561540142362,0.5744173938451623,0.2654404334013134,0.15922661121338177
Late delivery,Late delivery,0.000909713344307131,0.5566060237250432,0.2781820208055192,0.16430224212513048
Shipping on time,Late delivery,0.0008364019030796357,0.7550194910553397,9.748719234567718e-05,0.24404661984923487
Shipping on time,Late delivery,0.0008254781562863572,0.751759320206524,9.731297797875197e-05,0.24731788865921078
Late delivery,Late delivery,0.0008451083647243476,0.807026408741128,5.879935511900224e-05,0.1920696835390287
Late delivery,Late delivery,0.000853999478591346,0.8054446089610594,5.869867415069107e-05,0.19364269288619831
Late delivery,Late delivery,0.0008542123926652519,0.8063281002644781,5.868339460439654e-05,0.19275900394825224
Late delivery,Late delivery,0.0008593789765775587,0.8081222381127077,5.8852417864272574e-05,0.19095953049285055
Late delivery,Advance shipping,0.4720758257533181,0.31882534389552397,8.162675990929386e-05,0.2090172035912487
Late delivery,Late delivery,0.00037959142206542133,0.9782129652226136,4.4610687713655806e-05,0.021362832667607433
Late delivery,Late delivery,0.00036197011089269984,0.9789364255590213,4.511411609258558e-05,0.020656490213993222
Late delivery,Late delivery,0.00041334836932290333,0.9801650216421889,5.180229445145838e-05,0.019369827694036695
Late delivery,Late delivery,0.00038105266366811173,0.978332895603302,4.396057291913443e-05,0.021242091160110565
Late delivery,Late delivery,0.0003677465804999664,0.9782387180331497,4.38210502941088e-05,0.021349714336056373
Advance shipping,Advance shipping,0.34285778954315954,0.27325972925545,0.2041977342833928,0.17968474691799766
Advance shipping,Advance shipping,0.3350171177392532,0.2758692596200706,0.20510946429478755,0.18400415834588874
